{
 "cells": [
  {
   "cell_type": "code",
   "execution_count": 2,
   "source": [
    "import numpy as np\r\n",
    "import math\r\n",
    "def rotation_matrix(axis, theta):\r\n",
    "    \"\"\"\r\n",
    "    Return the rotation matrix associated with counterclockwise rotation about\r\n",
    "    the given axis by theta radians.\r\n",
    "    \"\"\"\r\n",
    "    axis = np.asarray(axis)\r\n",
    "    axis = axis / math.sqrt(np.dot(axis, axis))\r\n",
    "    a = math.cos(theta / 2.0)\r\n",
    "    b, c, d = -axis * math.sin(theta / 2.0)\r\n",
    "    aa, bb, cc, dd = a * a, b * b, c * c, d * d\r\n",
    "    bc, ad, ac, ab, bd, cd = b * c, a * d, a * c, a * b, b * d, c * d\r\n",
    "    return np.array([[aa + bb - cc - dd, 2 * (bc + ad), 2 * (bd - ac)],\r\n",
    "                     [2 * (bc - ad), aa + cc - bb - dd, 2 * (cd + ab)],\r\n",
    "                     [2 * (bd + ac), 2 * (cd - ab), aa + dd - bb - cc]])\r\n",
    "\r\n",
    "# Four points on image\r\n",
    "\r\n",
    "HEIGHT_ANGLE=0.87/2 #rad\r\n",
    "WIDTH_ANGLE=1.04/2 #rad\r\n",
    "\r\n",
    "old_img = np.zeros((3,5),dtype=float)\r\n",
    "old_img[:,0] = [100.0,100.0,1000.0]\r\n",
    "old_img[:,1] = [130.0,100.0,800.0] \r\n",
    "old_img[:,2] = [100.0,130.0,1200.0] \r\n",
    "old_img[:,3] = [110.0,110.0,1500.0] \r\n",
    "old_img[:,4] = [70.0,90.0,900.0] \r\n",
    "\r\n",
    "old_points = np.zeros((3,5),dtype=float)\r\n",
    "old_points[0,:] = old_img[2,:]\r\n",
    "old_points[1,:] = old_img[2,:]*np.tan(WIDTH_ANGLE*(128-old_img[0,:])/128)\r\n",
    "old_points[2,:] = old_img[2,:]*np.tan(HEIGHT_ANGLE*(102.5-old_img[1,:])/102.5)\r\n",
    "\r\n",
    "centroid_old = np.zeros((3),dtype=float)\r\n",
    "centroid_old = np.average(old_points,axis=1)\r\n",
    "old_points_cent = np.zeros((3,5),dtype=float)\r\n",
    "old_points_cent[0,:] = old_points[0,:]-centroid_old[0]\r\n",
    "old_points_cent[1,:] = old_points[1,:]-centroid_old[1]\r\n",
    "old_points_cent[2,:] = old_points[2,:]-centroid_old[2]\r\n",
    "\r\n",
    "# Rotation Matrix\r\n",
    "R_mat = rotation_matrix([1,1,0],0.2)\r\n",
    "\r\n",
    "new_points_cent = np.matmul(R_mat,old_points_cent)\r\n",
    "centroid_new = np.matmul(R_mat,centroid_old)+[200,0,0]\r\n",
    "\r\n",
    "new_points = np.zeros((3,5),dtype=float)\r\n",
    "new_points[0,:]= new_points_cent[0,:] + centroid_new[0]\r\n",
    "new_points[1,:]= new_points_cent[1,:] + centroid_new[1]\r\n",
    "new_points[2,:]= new_points_cent[2,:] + centroid_new[2]\r\n",
    "\r\n",
    "\r\n",
    "new_img = np.zeros((3,5),dtype=float)\r\n",
    "new_img[2,:] = new_points[0,:]\r\n",
    "new_img[1,:] = 102.5-(np.arctan(new_points[2,:]/new_points[0,:])/HEIGHT_ANGLE*102.5)\r\n",
    "new_img[0,:] = 128-(np.arctan(new_points[1,:]/new_points[0,:])/WIDTH_ANGLE*128)\r\n",
    "\r\n",
    "print(\"R_mat =\"+str(R_mat))\r\n",
    "print(\"old_points =\"+str(old_points))\r\n",
    "print(\"centroid_old =\"+str(centroid_old))\r\n",
    "print(\"centroid_new =\"+str(centroid_new))\r\n",
    "print(\"old_img =\"+str(old_img))\r\n",
    "print(\"new_img =\"+str(new_img))\r\n"
   ],
   "outputs": [
    {
     "output_type": "stream",
     "name": "stdout",
     "text": [
      "R_mat =[[ 0.99003329  0.00996671  0.14048043]\n",
      " [ 0.00996671  0.99003329 -0.14048043]\n",
      " [-0.14048043  0.14048043  0.98006658]]\n",
      "old_points =[[1000.          800.         1200.         1500.          900.        ]\n",
      " [ 114.24315868   -6.50014304  137.09179042  109.88342848  216.07616701]\n",
      " [  10.61015422    8.48812337 -140.68811333  -47.76003213   47.78873945]]\n",
      "centroid_old =[1080.          114.15888031  -24.31222568]\n",
      "centroid_new =[1266.95834867  127.20053164 -159.50937661]\n",
      "old_img =[[ 100.  130.  100.  110.   70.]\n",
      " [ 100.  100.  130.  110.   90.]\n",
      " [1000.  800. 1200. 1500.  900.]]\n",
      "new_img =[[ 102.99331315  127.91434393   98.05438935  108.91867911   80.22861221]\n",
      " [ 124.96098776  127.31468943  151.20425739  136.2342138   113.04208145]\n",
      " [1192.66243651  993.15426132 1369.64237417 1679.43575987 1099.89691147]]\n"
     ]
    }
   ],
   "metadata": {}
  },
  {
   "cell_type": "code",
   "execution_count": 3,
   "source": [
    "Y = old_points_cent\r\n",
    "print(Y)\r\n",
    "\r\n",
    "X = new_points_cent\r\n",
    "print(X)\r\n",
    "S = np.matmul(X,np.transpose(Y))\r\n",
    "\r\n",
    "U, Sig_diag, Vt = np.linalg.svd(S)\r\n",
    "print(S)\r\n",
    "print(\"U =\"+str(U))\r\n",
    "\r\n",
    "\r\n",
    "\r\n",
    "Sig = np.diag(Sig_diag)\r\n",
    "print(\"Sig =\"+str(Sig))\r\n",
    "print(np.matmul(U,np.matmul(Sig,Vt)))\r\n",
    "print(\"Vt =\"+str(Vt))\r\n",
    "V = np.transpose(Vt)\r\n",
    "print(\"V =\"+str(np.transpose(Vt)))\r\n",
    "I = np.identity(3)\r\n",
    "I[2,2] = np.linalg.det(np.matmul(V,np.transpose(U)))\r\n",
    "\r\n",
    "Rt = np.matmul(V,np.matmul(I,np.transpose(U)))\r\n",
    "\r\n",
    "R = np.transpose(Rt)\r\n",
    "print(\"R =\"+str(R))\r\n",
    "print(\"R_mat =\"+str(R_mat))\r\n",
    "print(\"Eigvl(R) = \"+str(np.linalg.eig(R)))\r\n",
    "print(\"Eigvl(R_mat) = \"+str(np.linalg.eig(R_mat)))"
   ],
   "outputs": [
    {
     "output_type": "stream",
     "name": "stdout",
     "text": [
      "[[-8.00000000e+01 -2.80000000e+02  1.20000000e+02  4.20000000e+02\n",
      "  -1.80000000e+02]\n",
      " [ 8.42783699e-02 -1.20659023e+02  2.29329101e+01 -4.27545183e+00\n",
      "   1.01917287e+02]\n",
      " [ 3.49223799e+01  3.28003491e+01 -1.16375888e+02 -2.34478064e+01\n",
      "   7.21009651e+01]]\n",
      "[[ -74.29591215 -273.80408735  102.6840255   412.4774112  -167.0614372 ]\n",
      " [  -5.61980948 -126.854936     40.2488846     3.24713697   88.9787239 ]\n",
      " [  45.4765313    54.53081493 -127.69214457  -82.58280976  110.2676081 ]]\n",
      "[[298242.4718891   16595.54006276 -45242.38568109]\n",
      " [ 26146.46021736  25283.33024511  -2701.8293443 ]\n",
      " [-88762.75759287   2087.09959698  28123.85184198]]\n",
      "U =[[-0.95307535 -0.04219083  0.29977876]\n",
      " [-0.08703626 -0.91024519 -0.40481895]\n",
      " [ 0.28995182 -0.41191458  0.86386013]]\n",
      "Sig =[[316958.64708057      0.              0.        ]\n",
      " [     0.          25612.25005371      0.        ]\n",
      " [     0.              0.          12506.17260764]]\n",
      "[[298242.4718891   16595.54006276 -45242.38568109]\n",
      " [ 26146.46021736  25283.33024511  -2701.8293443 ]\n",
      " [-88762.75759287   2087.09959698  28123.85184198]]\n",
      "Vt =[[-0.98517635 -0.05493527  0.16251054]\n",
      " [ 0.00702346 -0.95945948 -0.28175907]\n",
      " [ 0.17140079 -0.27644098  0.94562263]]\n",
      "V =[[-0.98517635  0.00702346  0.17140079]\n",
      " [-0.05493527 -0.95945948 -0.27644098]\n",
      " [ 0.16251054 -0.28175907  0.94562263]]\n",
      "R =[[ 0.99003329  0.00996671  0.14048043]\n",
      " [ 0.00996671  0.99003329 -0.14048043]\n",
      " [-0.14048043  0.14048043  0.98006658]]\n",
      "R_mat =[[ 0.99003329  0.00996671  0.14048043]\n",
      " [ 0.00996671  0.99003329 -0.14048043]\n",
      " [-0.14048043  0.14048043  0.98006658]]\n",
      "Eigvl(R) = (array([1.        +0.j        , 0.98006658+0.19866933j,\n",
      "       0.98006658-0.19866933j]), array([[-7.07106781e-01+0.j , -3.59153596e-15-0.5j, -3.59153596e-15+0.5j],\n",
      "       [-7.07106781e-01+0.j ,  2.86557148e-16+0.5j,  2.86557148e-16-0.5j],\n",
      "       [ 2.47695047e-15+0.j ,  7.07106781e-01+0.j ,  7.07106781e-01-0.j ]]))\n",
      "Eigvl(R_mat) = (array([1.        +0.j        , 0.98006658+0.19866933j,\n",
      "       0.98006658-0.19866933j]), array([[-7.07106781e-01+0.j , -6.98152219e-17-0.5j, -6.98152219e-17+0.5j],\n",
      "       [-7.07106781e-01+0.j ,  1.16720404e-15+0.5j,  1.16720404e-15-0.5j],\n",
      "       [-3.54060963e-16+0.j ,  7.07106781e-01+0.j ,  7.07106781e-01-0.j ]]))\n"
     ]
    }
   ],
   "metadata": {}
  },
  {
   "cell_type": "code",
   "execution_count": 4,
   "source": [
    "averaged = np.zeros((3,3),dtype=float)\r\n",
    "averaged[0,:] = [0.9772168077, 0.0307319615, -0.1512946923]\r\n",
    "averaged[1,:] = [-0.0386528462, 0.9874825385, -0.0228479231]\r\n",
    "averaged[2,:] = [0.1440618462, 0.0287891154, 0.9727689231]\r\n",
    "\r\n",
    "print(averaged)\r\n",
    "print(np.linalg.eig(averaged))"
   ],
   "outputs": [
    {
     "output_type": "stream",
     "name": "stdout",
     "text": [
      "[[ 0.97721681  0.03073196 -0.15129469]\n",
      " [-0.03865285  0.98748254 -0.02284792]\n",
      " [ 0.14406185  0.02878912  0.97276892]]\n",
      "(array([0.97409162+0.15382277j, 0.97409162-0.15382277j,\n",
      "       0.98928503+0.j        ]), array([[-0.70270338+0.j        , -0.70270338-0.j        ,\n",
      "        -0.16852374+0.j        ],\n",
      "       [-0.11591126-0.17213912j, -0.11591126+0.17213912j,\n",
      "         0.96326226+0.j        ],\n",
      "       [-0.03805989+0.67947929j, -0.03805989-0.67947929j,\n",
      "         0.20910661+0.j        ]]))\n"
     ]
    }
   ],
   "metadata": {}
  }
 ],
 "metadata": {
  "orig_nbformat": 4,
  "language_info": {
   "name": "python",
   "version": "3.8.10",
   "mimetype": "text/x-python",
   "codemirror_mode": {
    "name": "ipython",
    "version": 3
   },
   "pygments_lexer": "ipython3",
   "nbconvert_exporter": "python",
   "file_extension": ".py"
  },
  "kernelspec": {
   "name": "python3",
   "display_name": "Python 3.8.10 64-bit (windows store)"
  },
  "interpreter": {
   "hash": "b63cd27a8c7ac4681a8e2e53be7bc6d963089480bb02142e8d950e28846624fa"
  }
 },
 "nbformat": 4,
 "nbformat_minor": 2
}