import numpy as np
from matplotlib.patches import Polygon
from matplotlib.collections import PatchCollection
import mpl_toolkits.mplot3d as a3
import matplotlib.pyplot as plt
import math

y_data = np.array([[0, 5090.984863, 512, 163, 359, 0.116493, 1.000000000, 0.000027155, 0.000035933, 0.000015595, 0.999999285, 0.000103394, 0.000611922, -0.000783594, 0.999504268, 0.000027854, 0.000032821, 0.000249080, 1.000000000, -0.000020842, 0.000060246, 0.000012765, 0.000000000, -0.005103584, -0.011623722, -0.118907161, 0.00336, 0.00204, 0.00205, 0.99901, 0.000000000, 0.000355729, 0.000328569, 0.001744589, 0.000000000, -0.000224381, -0.000967734, -0.011432515, 0.000000000, -0.005103557, -0.011623668, -0.118906640, -0.00003, -0.00011, -0.00133, 0.00000],
                  [1, 5072.151367, 512, 150, 358, 0.116493, 1.000000000, 0.000064002, -0.000068448, -0.000009697, 1.000000000, 0.000011826, 0.000225460, -0.000197154, 0.999504268, 0.000007008, 0.000093031, 0.000261841, 1.000000000, 0.000030060, -0.000019583, -0.000009774, 0.000000000, -0.008437783, -0.007968964, -0.127724126, 0.00008, 0.00077, 0.00059, 0.99901, 0.000000000, 0.000476517, 0.000535642, 0.003903665, 0.000000000, -0.001032972, -0.001576804, -0.022590542, 0.000000000, -0.008437765, -0.007968972, -0.127724022, -0.00015, -0.00030, -0.00396, 0.00000],
                  [2, 5096.622559, 512, 152, 343, 0.10842, 1.000000000, 0.000000538, -0.000038014, 0.000044746, 1.000000000, -0.000139395, -0.000135649, 0.000037402, 0.999504268, 0.000037057, 0.000073465, 0.000252068, 1.000000000, -0.000018830, 0.000012823, 0.000039876, 0.000000000, -0.009518304, -0.005991613, -0.126939386, 0.00189, -0.00057, -0.00005, 0.99901, 0.000000000, 0.000781381, 0.000633969, 0.006412011, 0.000000000, -0.001695426, -0.001988432, -0.031895563, 0.000000000, -0.009518292, -0.005991616, -0.126939297, -0.00033, -0.00051, -0.00742, 0.00000],
                  [3, 5064.221680, 512, 152, 366, 0.118521, 1.000000000, 0.000012605, -0.000038551, -0.000026194, 0.999995291, 0.002639700, 0.000989275, -0.001200421, 0.999504268, 0.000018236, 0.000086275, 0.000291926, 0.999999940, -0.000020076, 0.000040067, -0.000026156, -0.000000000, -0.015410606, -0.009152359, -0.122529298, 0.00023, 0.00203, 0.00186, 0.99901, 0.000000000, 0.001027733, 0.000958569, 0.009005558, 0.000000000, -0.003124534, -0.002626437, -0.041243076, 0.000000000, -0.015410571, -0.009152334, -0.122529179, -0.00070, -0.00082, -0.01231, 0.00000],
                  [4, 5068.889648, 512, 168, 353, 0.115479, 1.000000000, -0.000067153, -0.000056189, 0.000000956, 1.000000238, -0.000094285, 0.000037862, -0.000060097, 0.999504209, -0.000001844, 0.000126317, 0.000265785, 0.999999940, -0.000117584, 0.000010286, -0.000000423, 0.000000000, -0.012614947, -0.014016732, -0.117734395, 0.00125, -0.00004, 0.00034, 0.99901, 0.000000000, 0.001358977, 0.001191781, 0.011660207, 0.000000000, -0.004068458, -0.003828838, -0.049419425, 0.000000000, -0.012614943, -0.014016700, -0.117734261, -0.00117, -0.00127, -0.01802, 0.00000],
                  [5, 5035.209473, 512, 170, 349, 0.11349, 1.000000000, 0.000008147, -0.000074444, 0.000058607, 0.999998927, 0.000998843, 0.000717300, -0.000505384, 0.999504149, -0.000119372, 0.000136566, 0.000265377, 1.000000000, -0.000006641, -0.000029649, 0.000052137, 0.000000000, -0.007310599, -0.005050740, -0.125873461, -0.00322, 0.00178, 0.00106, 0.99901, 0.000000000, 0.001330224, 0.001496567, 0.014614111, 0.000000000, -0.004603078, -0.003927641, -0.057943728, 0.000000000, -0.007310611, -0.005050763, -0.125873253, -0.00169, -0.00171, -0.02459, 0.00000],
                  [6, 5076.799316, 512, 166, 349, 0.102297, 1.000000000, 0.000087854, -0.000006524, -0.000019606, 0.999999881, -0.000168186, 0.000113297, 0.000036141, 0.999504149, -0.000125995, 0.000106937, 0.000317493, 1.000000000, 0.000070566, 0.000032766, -0.000018392, 0.000000000, -0.007581432, -0.003808037, -0.128420368, -0.00043, 0.00002, 0.00088, 0.99901, 0.000000000, 0.001554384, 0.001690515, 0.018193822, 0.000000000, -0.004953768, -0.003961169, -0.065194368, 0.000000000, -0.007581418, -0.003808031, -0.128420174, -0.00220, -0.00212, -0.03126, 0.00000],
                  [7, 4992.613770, 512, 167, 364, 0.119535, 1.000000000, 0.000026941, 0.000034895, 0.000028782, 1.000000000, 0.000222198, 0.000105638, -0.000292605, 0.999504149, -0.000055476, 0.000139706, 0.000299098, 1.000000000, 0.000009862, 0.000071863, 0.000025207, 0.000000000, -0.007937434, -0.004964697, -0.121950045, 0.00136, 0.00068, 0.00039, 0.99901, 0.000000000, 0.001830946, 0.001869638, 0.020772781, 0.000000000, -0.005402017, -0.004182440, -0.073690295, 0.000000000, -0.007937413, -0.004964677, -0.121949837, -0.00285, -0.00262, -0.04007, 0.00000],
                  [8, 5038.143555, 512, 160, 348, 0.111462, 1.000000000, 0.000094306, -0.000056932, -0.000001774, 1.000000119, 0.000033231, -0.000000110, 0.000041249, 0.999504149, -0.000045637, 0.000211539, 0.000324287, 1.000000000, 0.000049181, -0.000011413, -0.000002380, 0.000000000, -0.008013453, -0.009675298, -0.119466968, 0.00273, -0.00031, 0.00005, 0.99901, 0.000000000, 0.002240425, 0.002050775, 0.023873981, 0.000000000, -0.005753761, -0.004899984, -0.080855586, 0.000000000, -0.008013432, -0.009675263, -0.119466729, -0.00349, -0.00316, -0.04908, 0.00000],
                  [9, 5032.237793, 512, 166, 368, 0.114465, 1.000000000, 0.000102386, 0.000044012, -0.000015670, 0.999999940, -0.000194288, 0.000175530, 0.000306432, 0.999504149, 0.000003522, 0.000200147, 0.000321899, 1.000000000, 0.000093831, 0.000051798, -0.000014114, 0.000000000, -0.001728115, -0.001514539, -0.122152098, -0.00110, -0.00072, 0.00081, 0.99901, 0.000000000, 0.002310127, 0.002125163, 0.026861839, 0.000000000, -0.005595072, -0.004762367, -0.088550933, 0.000000000, -0.001728125, -0.001514559, -0.122151814, -0.00413, -0.00371, -0.05922, 0.00000],
                  [10, 5076.116211, 512, 154, 367, 0.116493, 1.000000000, -0.000000093, -0.000098964, 0.000074252, 1.000000119, 0.000050010, -0.000028056, 0.000183273, 0.999504149, 0.000097287, 0.000251949, 0.000307773, 1.000000000, -0.000017949, -0.000082411, 0.000067378, 0.000000000, -0.000806521, -0.005657732, -0.123307027, -0.00129, -0.00092, 0.00005, 0.99901, 0.000000000, 0.002337206, 0.002205212, 0.029676508, 0.000000000, -0.005376711, -0.005114212, -0.096541204, 0.000000000, -0.000806510, -0.005657700, -0.123306714, -0.00475, -0.00430, -0.07047, 0.00000],
                  [11, 5029.222656, 512, 153, 351, 0.111462, 1.000000000, 0.000006204, -0.000087112, 0.000031874, 0.999999940, 0.000184189, 0.000062509, -0.000056294, 0.999504149, 0.000079389, 0.000169567, 0.000375114, 1.000000000, -0.000011465, -0.000027241, 0.000028066, 0.000000000, -0.010485039, -0.005590178, -0.128050730, -0.00344, 0.00023, -0.00004, 0.99901, 0.000000000, 0.002320787, 0.002386533, 0.032996543, 0.000000000, -0.006263972, -0.005395918, -0.104353502, 0.000000000, -0.010484985, -0.005590161, -0.128050402, -0.00545, -0.00490, -0.08210, 0.00000],
                  [12, 5071.843262, 512, 162, 360, 0.118521, 0.999999940, 0.000279080, 0.000018140, -0.000001637, 1.000000119, -0.000090542, 0.000040176, 0.000188223, 0.999504149, 0.000067944, 0.000142333, 0.000403167, 0.999999940, 0.000211837, 0.000078149, -0.000002452, -0.000000000, -0.012688551, -0.010854729, -0.122533068, -0.00196, -0.00065, -0.00005, 0.99901, 0.000000000, 0.002394849, 0.002518672, 0.035622902, 0.000000000, -0.007393795, -0.006332221, -0.112327650, 0.000000000, -0.012688521, -0.010854688, -0.122532733, -0.00633, -0.00566, -0.09541, 0.00000],
                  [13, 5073.842773, 512, 162, 351, 0.111423, 0.999999881, 0.000347702, 0.000231567, -0.000077263, 0.999999762, 0.000297395, 0.000299379, -0.000140495, 0.999504089, 0.000279644, 0.000220529, 0.000400691, 0.999999881, 0.000334645, 0.000262376, -0.000070883, 0.000000000, -0.010443418, 0.002251513, -0.127807796, 0.00337, -0.00013, 0.00134, 0.99901, 0.000000000, 0.002860815, 0.002622510, 0.039141461, 0.000000000, -0.008022543, -0.005767272, -0.119923763, 0.000000000, -0.010443398, 0.002251477, -0.127807423, -0.00722, -0.00630, -0.10877, 0.00000],
                  [14, 5072.852051, 512, 137, 345, 0.109434, 0.999999940, 0.000175306, 0.000175231, -0.000204498, 0.999999583, 0.000243297, -0.000355036, 0.000206108, 0.999503791, 0.000614002, 0.000482929, 0.000329842, 0.999999881, 0.000132564, 0.000236808, -0.000186692, -0.000000000, -0.016172584, -0.007637325, -0.125726506, -0.00362, -0.00006, -0.00112, 0.99901, 0.000000000, 0.002932474, 0.002807342, 0.042720161, 0.000000000, -0.009396290, -0.006276896, -0.127075598, 0.000000000, -0.016172538, -0.007637265, -0.125726148, -0.00825, -0.00698, -0.12268, 0.00000],
                  [15, 5035.209473, 512, 143, 361, 0.114465, 1.000000000, 0.000006371, 0.000075929, -0.000161671, 1.000000119, 0.000283045, 0.000204754, -0.000360587, 0.999503553, 0.000746332, 0.000719778, 0.000143325, 1.000000000, -0.000036680, 0.000073175, -0.000147473, 0.000000000, -0.000079500, -0.011038211, -0.119192392, 0.00035, 0.00072, 0.00035, 0.99901, 0.000000000, 0.003105344, 0.003046029, 0.045756459, 0.000000000, -0.008952288, -0.007166896, -0.134057090, 0.000000000, -0.000079538, -0.011038174, -0.119192004, -0.00927, -0.00781, -0.13802, 0.00000],
                  [16, 5038.143555, 512, 141, 356, 0.116493, 0.999999940, -0.000157085, -0.000165510, 0.000141289, 0.999999762, 0.000426612, 0.000279376, -0.000570845, 0.999503493, 0.000709553, 0.000793022, -0.000003994, 0.999999940, -0.000149680, -0.000164021, 0.000127921, 0.000000000, 0.003862666, -0.003347278, -0.121662669, 0.00159, 0.00121, 0.00062, 0.99901, 0.000000000, 0.003294927, 0.003247339, 0.048581228, 0.000000000, -0.008082439, -0.007188241, -0.141523436, 0.000000000, 0.003862677, -0.003347285, -0.121662214, -0.01022, -0.00864, -0.15451, 0.00000],
                  [17, 5031.247070, 512, 134, 355, 0.099294, 1.000000000, -0.000089986, -0.000156557, 0.000092247, 0.999994814, 0.002846248, 0.001001942, -0.001084961, 0.999503672, 0.000560048, 0.000628992, 0.000123866, 0.999999940, -0.000131000, -0.000080376, 0.000081730, 0.000000000, -0.012482101, -0.013111512, -0.125297919, 0.00082, 0.00140, 0.00169, 0.99901, 0.000000000, 0.003680444, 0.003649042, 0.053788085, 0.000000000, -0.008901406, -0.008093088, -0.147277057, 0.000000000, -0.012482009, -0.013111448, -0.125297502, -0.01110, -0.00945, -0.16913, 0.00000],
                  [18, 5048.087402, 512, 161, 357, 0.125619, 1.000000000, -0.000118390, -0.000102157, 0.000073736, 0.999991417, 0.003664379, 0.001340033, -0.001433736, 0.999503732, 0.000429174, 0.000548594, 0.000205593, 1.000000000, -0.000129058, -0.000070756, 0.000065255, 0.000000000, -0.003694889, -0.007242667, -0.127600044, 0.00118, 0.00199, 0.00247, 0.99901, 0.000000000, 0.003810297, 0.003857538, 0.055387996, 0.000000000, -0.008953258, -0.008588963, -0.156492233, 0.000000000, -0.003694893, -0.007242658, -0.127599493, -0.01222, -0.01053, -0.18879, 0.00000],
                  [19, 5076.799316, 512, 141, 359, 0.105339, 1.000000000, 0.000026424, -0.000018375, -0.000010597, 0.999988317, 0.004248485, 0.001456877, -0.001926606, 0.999503851, 0.000300231, 0.000477818, 0.000270857, 1.000000000, -0.000031096, 0.000026276, -0.000012277, -0.000000000, -0.008283735, -0.014701725, -0.126257479, 0.00065, 0.00297, 0.00247, 0.99901, 0.000000000, 0.004114230, 0.004351255, 0.059985861, 0.000000000, -0.009422177, -0.009675559, -0.162991360, 0.000000000, -0.008283688, -0.014701662, -0.126257017, -0.01322, -0.01154, -0.20596, 0.00000],
                  [20, 5079.643555, 512, 158, 370, 0.120588, 1.000000000, -0.000087251, 0.000010084, -0.000079812, 0.999999523, 0.000627282, 0.000282058, -0.000278160, 0.999503851, 0.000269137, 0.000504076, 0.000258609, 1.000000000, -0.000095637, 0.000060439, -0.000073553, 0.000000000, -0.010338572, -0.005463949, -0.123893127, 0.00026, 0.00052, 0.00093, 0.99901, 0.000000000, 0.004275579, 0.004491258, 0.062105745, 0.000000000, -0.010255864, -0.009929319, -0.171108857, 0.000000000, -0.010338529, -0.005463954, -0.123892576, -0.01445, -0.01274, -0.22659, 0.00000],
                  [21, 5096.622559, 512, 160, 365, 0.107367, 1.000000000, -0.000116497, -0.000037644, 0.000052476, 0.999999285, -0.000754017, -0.000974936, -0.000306691, 0.999503791, 0.000173494, 0.000564480, 0.000185156, 0.999999940, -0.000146023, 0.000028893, 0.000046279, 0.000000000, -0.013160414, -0.010397031, -0.123916753, -0.00042, 0.00020, -0.00199, 0.99901, 0.000000000, 0.004546577, 0.004773947, 0.066200614, 0.000000000, -0.011246821, -0.010635032, -0.177657127, 0.000000000, -0.013160369, -0.010396979, -0.123916239, -0.01566, -0.01388, -0.24567, 0.00000],
                  [22, 5072.151367, 512, 160, 371, 0.119535, 1.000000000, 0.000025935, -0.000040809, 0.000073298, 1.000000358, 0.000125950, 0.000018852, -0.000065526, 0.999503732, 0.000027565, 0.000593324, 0.000231500, 1.000000000, -0.000011172, 0.000006672, 0.000065707, 0.000000000, -0.008764908, -0.009264576, -0.116927549, 0.00388, 0.00000, 0.00051, 0.99901, 0.000000000, 0.004934819, 0.004917895, 0.068333492, 0.000000000, -0.011788894, -0.011325232, -0.184816778, 0.000000000, -0.008764882, -0.009264544, -0.116926983, -0.01707, -0.01524, -0.26776, 0.00000],
                  [23, 5022.589844, 512, 155, 348, 0.121602, 1.000000000, -0.000119998, -0.000026067, -0.000001445, 1.000000119, 0.000182785, 0.000113878, 0.000126372, 0.999503732, 0.000016436, 0.000599988, 0.000297181, 1.000000000, -0.000121951, 0.000019437, -0.000001878, -0.000000000, -0.008567226, -0.004644571, -0.125343114, -0.00486, 0.00007, 0.00010, 0.99901, 0.000000000, 0.004747998, 0.005008743, 0.070143044, 0.000000000, -0.012473913, -0.011480884, -0.193193212, 0.000000000, -0.008567194, -0.004644552, -0.125342444, -0.01859, -0.01663, -0.29125, 0.00000],
                  [24, 5014.659668, 512, 177, 368, 0.119535, 1.000000000, -0.000008194, -0.000090846, 0.000045243, 1.000000238, -0.000011853, -0.000077317, -0.000077098, 0.999503732, -0.000105461, 0.000619380, 0.000295377, 1.000000000, -0.000023321, -0.000038970, 0.000040308, 0.000000000, -0.008701887, -0.005218224, -0.123631380, 0.00507, 0.00030, 0.00084, 0.99901, 0.000000000, 0.005212962, 0.005140251, 0.072375193, 0.000000000, -0.012981797, -0.011698168, -0.201058999, 0.000000000, -0.008701835, -0.005218183, -0.123630740, -0.02014, -0.01803, -0.31529, 0.00000],
                  [25, 5096.626465, 512, 164, 365, 0.105339, 1.000000000, 0.000046050, -0.000060431, 0.000020244, 0.999999404, 0.000703065, 0.000344774, -0.000276850, 0.999503732, -0.000128734, 0.000580427, 0.000335683, 1.000000000, 0.000025376, -0.000038204, 0.000017810, -0.000000000, -0.002819894, -0.005365717, -0.114482366, 0.00032, -0.00011, 0.00039, 0.99901, 0.000000000, 0.005510955, 0.005405610, 0.077248611, 0.000000000, -0.012847429, -0.011871424, -0.206269801, 0.000000000, -0.002819881, -0.005365682, -0.114481814, -0.02149, -0.01928, -0.33702, 0.00000],
                  [26, 5067.899414, 512, 150, 357, 0.11349, 1.000000000, -0.000082473, -0.000121127, 0.000006432, 0.999999940, -0.000477403, -0.000137206, -0.000468323, 0.999503732, -0.000103347, 0.000542252, 0.000353474, 1.000000000, -0.000095065, -0.000098745, 0.000005142, 0.000000000, -0.001677323, -0.006033683, -0.121502534, -0.00340, 0.00118, -0.00036, 0.99901, 0.000000000, 0.005456744, 0.005659447, 0.080486596, 0.000000000, -0.012685032, -0.012147238, -0.213219166, 0.000000000, -0.001677293, -0.006033641, -0.121501848, -0.02293, -0.02066, -0.36121, 0.00000],
                  [27, 5115.455078, 512, 150, 347, 0.116493, 0.999999940, -0.000232578, -0.000108891, 0.000278794, 0.999999940, -0.000092224, -0.000020003, 0.000198288, 0.999503791, -0.000198327, 0.000443523, 0.000358676, 0.999999940, -0.000262196, -0.000131437, 0.000253531, 0.000000000, 0.007915842, -0.012866139, -0.123917103, 0.00510, -0.00091, 0.00033, 0.99901, 0.000000000, 0.005814868, 0.005799459, 0.083171256, 0.000000000, -0.011331038, -0.013248064, -0.220781371, 0.000000000, 0.007915848, -0.012866070, -0.123916402, -0.02425, -0.02220, -0.38693, 0.00000],
                  [28, 5071.843262, 512, 145, 355, 0.120549, 0.999998808, -0.000064902, -0.000634422, 0.001390573, 1.000000000, 0.000124070, -0.000101578, 0.000019860, 0.999503613, -0.000460234, 0.000312108, 0.000612224, 0.999998927, -0.000090229, -0.000591123, 0.001263372, 0.000000000, 0.004035137, -0.008639325, -0.124224104, -0.00297, 0.00074, 0.00013, 0.99901, 0.000000000, 0.005642158, 0.005962861, 0.084986761, 0.000000000, -0.010570562, -0.013860250, -0.228850007, 0.000000000, 0.004035182, -0.008639297, -0.124223359, -0.02553, -0.02388, -0.41452, 0.00000],
                  [29, 5068.889648, 512, 92, 309, 0.101322, 1.000000000, 0.000060475, -0.000192967, 0.000011381, 0.999999285, -0.000305727, -0.000980969, -0.000590043, 0.999501884, -0.000549661, -0.000278196, 0.001875269, 1.000000000, 0.000069697, -0.000127876, 0.000009218, 0.000000000, -0.009723188, 0.001603544, -0.121123679, 0.00030, 0.00346, -0.00120, 0.99901, 0.000000000, 0.005969519, 0.006475484, 0.090937264, 0.000000000, -0.011222675, -0.013258830, -0.234278783, 0.000000000, -0.009723100, 0.001603544, -0.121123053, -0.02666, -0.02522, -0.43826, 0.00000],
                  [30, 5071.160156, 512, 160, 355, 0.113451, 0.999999464, 0.000017818, -0.000764492, 0.000708268, 1.000000119, -0.000067455, 0.000306793, 0.000242247, 0.999501884, -0.000479762, -0.000405873, 0.001884572, 0.999999404, -0.000023108, -0.000843732, 0.000645513, 0.000000000, 0.033496313, -0.010463420, -0.124257311, -0.00005, -0.00056, 0.00067, 0.99901, 0.000000000, 0.005825212, 0.006652440, 0.094260551, 0.000000000, -0.007217787, -0.014054032, -0.241494924, 0.000000000, 0.033496156, -0.010463328, -0.124256551, -0.02748, -0.02681, -0.46566, 0.00000],
                  [31, 5078.795898, 512, 93, 310, 0.113451, 0.999999940, -0.000054993, -0.000077164, 0.000409964, 0.999998629, 0.001265164, 0.000306898, 0.001154653, 0.999499738, -0.000501530, -0.001248918, 0.002530157, 0.999982536, -0.000028711, -0.001845719, 0.000400593, 0.000000000, 0.389057934, 0.000732602, -0.120147303, 0.00722, -0.00190, 0.00244, 0.99901, 0.000000000, 0.003406833, 0.006666516, 0.097665407, 0.000000000, 0.036024369, -0.013620379, -0.248224333, 0.000000000, 0.389056414, 0.000732595, -0.120146550, -0.02340, -0.02836, -0.49382, 0.00000],
                  [32, 5063.110840, 512, 126, 338, 0.122616, 1.000000000, -0.000009493, 0.000101539, 0.000047497, 0.999999642, -0.000333429, 0.000596220, -0.000121876, 0.999478936, -0.000526048, -0.003093563, 0.002931396, 0.999994576, -0.000053399, -0.000899783, 0.000057567, 0.000000000, 0.217864141, -0.012850523, -0.131590188, -0.00173, 0.00075, 0.00121, 0.99898, 0.000000000, 0.001628092, 0.006817629, 0.098873034, 0.000000000, 0.061070491, -0.014787827, -0.257412970, 0.000000000, 0.217864633, -0.012850416, -0.131589293, -0.01591, -0.03017, -0.52538, 0.00000],
                  [33, 5020.302246, 512, 94, 313, 0.106353, 0.999999940, 0.000057142, 0.000016630, 0.000329661, 0.999997973, -0.000602644, 0.001951029, -0.000293905, 0.999470532, -0.000576956, -0.003992986, 0.002989225, 0.999996483, 0.000072623, -0.000775039, 0.000311495, -0.000000000, 0.173379660, 0.001808556, -0.127837911, -0.00323, 0.00015, 0.00435, 0.99897, 0.000000000, -0.000852696, 0.007055576, 0.104301482, 0.000000000, 0.077437468, -0.014220707, -0.264029890, 0.000000000, 0.173379615, 0.001808538, -0.127837166, -0.00767, -0.03168, -0.55346, 0.00000],
                  [34, 5058.983887, 512, 88, 307, 0.117507, 0.999999881, -0.000329913, -0.000023057, 0.000288143, 0.999997497, -0.001067383, 0.000269069, -0.001908819, 0.999463022, -0.000503297, -0.004767205, 0.003301282, 0.999996185, -0.000383848, -0.000834768, 0.000270957, -0.000000000, 0.178676873, -0.021204904, -0.130789161, -0.01031, 0.00531, 0.00106, 0.99896, 0.000000000, -0.003219849, 0.007612493, 0.106692903, 0.000000000, 0.095852725, -0.016229991, -0.272425175, 0.000000000, 0.178676531, -0.021204747, -0.130788282, 0.00359, -0.03359, -0.58547, 0.00000],
                  [35, 4976.992676, 512, 71, 317, 0.109434, 0.999999940, -0.000190865, 0.000280644, 0.000128385, 0.999995649, -0.000884250, 0.001492391, 0.002453794, 0.999454141, -0.000885473, -0.005602637, 0.003570671, 0.999995947, -0.000225353, -0.000595587, 0.000131456, 0.000000000, 0.186436132, -0.014162200, -0.119573414, -0.01154, -0.00750, 0.00447, 0.99895, 0.000000000, -0.006535070, 0.007467280, 0.111350179, 0.000000000, 0.113289282, -0.017438786, -0.278516650, 0.000000000, 0.186435744, -0.014162187, -0.119572632, 0.01599, -0.03550, -0.61595, 0.00000],
                  [36, 4914.544922, 512, 90, 302, 0.109395, 0.999999821, 0.000349945, 0.000111389, 0.000450012, 0.999999225, 0.001113398, -0.000468956, -0.000379441, 0.999446094, -0.001109310, -0.006198565, 0.003701306, 0.999999642, 0.000435140, -0.000063723, 0.000413325, 0.000000000, 0.036781106, 0.023570612, -0.108037129, -0.01202, -0.00053, -0.00131, 0.99895, 0.000000000, -0.008964380, 0.007480908, 0.115569293, 0.000000000, 0.114386499, -0.014513931, -0.283461422, 0.000000000, 0.036781352, 0.023570498, -0.108036339, 0.02850, -0.03709, -0.64696, 0.00000],
                  [37, 4875.723145, 512, 80, 284, 0.113451, 0.999999464, 0.000378737, 0.000233036, 0.000906832, 0.999999285, -0.000091400, -0.000574861, 0.000900844, 0.999444246, -0.000676737, -0.006260181, 0.004117169, 0.999999404, 0.000298709, 0.000082291, 0.000825628, -0.000000000, 0.029007476, -0.012040439, -0.134918466, -0.01527, -0.00327, -0.00046, 0.99895, 0.000000000, -0.011060581, 0.007491337, 0.118897229, 0.000000000, 0.114772722, -0.015549768, -0.291848034, 0.000000000, 0.029007128, -0.012040250, -0.134917468, 0.04152, -0.03885, -0.68007, 0.00000],
                  [38, 4755.658691, 512, 74, 287, 0.107406, 0.999999642, -0.000165547, -0.000383430, 0.000738595, 0.999988019, 0.000141603, 0.001304563, 0.004708193, 0.999440968, -0.000383700, -0.006176143, 0.004944151, 0.999999344, -0.000200062, -0.000585835, 0.000677692, 0.000000000, 0.052698750, -0.012967790, -0.112036191, -0.01569, -0.01174, 0.00325, 0.99894, 0.000000000, -0.014009155, 0.007090897, 0.124009237, 0.000000000, 0.117526703, -0.016691791, -0.296960145, 0.000000000, 0.052698284, -0.012967754, -0.112035424, 0.05415, -0.04064, -0.71197, 0.00000],
                  [39, 4697.827637, 494, 19, 78, 0.099255, 0.999999702, -0.000484830, -0.000509662, 0.000325801, 0.998367906, 0.022990309, 0.018164836, -0.049020477, 0.999433279, -0.000584940, -0.006762376, 0.005620449, 0.999996066, -0.000438910, -0.001076714, 0.000260623, 0.000000000, 0.138305813, -0.007444232, -0.118231840, 0.03757, 0.15763, 0.03019, 0.99894, 0.000000000, -0.015267395, 0.017039670, 0.133117765, 0.000000000, 0.128762603, -0.015298446, -0.301522255, 0.000000000, 0.138305157, -0.007443998, -0.118230969, 0.06693, -0.04216, -0.74190, 0.00000],
                  [40, 4674.631836, 459, 24, 177, 0.121602, 0.999999762, -0.000633983, -0.000029233, -0.000308452, 0.999932051, -0.000774964, -0.008893519, 0.007496525, 0.999420345, -0.001019309, -0.007840768, 0.005878565, 0.999998808, -0.000640030, 0.000369239, -0.000281312, 0.000000000, -0.087651156, -0.014775611, -0.134399340, -0.02366, -0.02236, -0.02331, 0.99894, 0.000000000, -0.015976673, 0.015785847, 0.132501751, 0.000000000, 0.115287863, -0.016966958, -0.311228871, 0.000000000, -0.087650664, -0.014775560, -0.134398296, 0.08095, -0.04423, -0.77974, 0.00000],
                  [41, 4537.875488, 488, 70, 261, 0.098241, 0.999999702, -0.000258918, -0.000284719, -0.000635985, 0.999999702, 0.000177574, 0.000947767, -0.000145830, 0.999423087, -0.001658932, -0.007475783, 0.005592015, 0.999990642, -0.000289754, 0.001022984, -0.000601307, 0.000000000, -0.279266477, -0.010605898, -0.120556124, -0.02787, -0.00315, 0.00380, 0.99894, 0.000000000, -0.018263038, 0.016048009, 0.140501365, 0.000000000, 0.085693069, -0.017660253, -0.316178381, 0.000000000, -0.279265970, -0.010605871, -0.120555334, 0.08936, -0.04596, -0.81080, 0.00000],
                  [42, 4435.019043, 481, 53, 268, 0.114504, 0.999998748, 0.001218976, 0.000190869, -0.000988159, 0.999997914, -0.000123324, 0.001679727, -0.000915377, 0.999424219, -0.001949728, -0.006455937, 0.004987139, 0.999979317, 0.001084729, 0.002057975, -0.000932663, 0.000000000, -0.410056472, -0.002426906, -0.111205123, -0.01343, -0.00234, 0.00466, 0.99892, 0.000000000, -0.016610149, 0.016028276, 0.143439576, 0.000000000, 0.037795726, -0.017589806, -0.322030693, 0.000000000, -0.410056084, -0.002426889, -0.111204155, 0.09369, -0.04797, -0.84768, 0.00000],
                  [43, 4336.391602, 461, 68, 258, 0.099255, 0.999999642, -0.000282138, -0.000798405, -0.000184638, 0.999998569, 0.001525887, -0.000368405, -0.000652087, 0.999423563, -0.000869825, -0.004395422, 0.004057900, 0.999992013, -0.000248352, 0.000452130, -0.000186912, 0.000000000, -0.256254107, 0.001704512, -0.123926632, -0.02287, -0.00220, 0.00162, 0.99888, 0.000000000, -0.016975190, 0.016248157, 0.151062310, 0.000000000, 0.011876922, -0.017088495, -0.327510506, 0.000000000, -0.256254792, 0.001704539, -0.123925701, 0.09487, -0.04967, -0.88018, 0.00000],
                  [44, 4246.863770, 438, 38, 214, 0.107406, 0.999999821, -0.000459589, -0.000089388, -0.000418517, 0.999958336, 0.001043685, -0.008873108, 0.001826091, 0.999418080, -0.001119041, -0.003944688, 0.003869579, 0.999999583, -0.000476015, 0.000095731, -0.000382352, 0.000000000, -0.039598078, -0.014648777, -0.136678278, -0.01265, -0.00816, -0.02365, 0.99887, 0.000000000, -0.017597724, 0.016073696, 0.154638290, 0.000000000, 0.007345575, -0.018370988, -0.335601240, 0.000000000, -0.039599013, -0.014648668, -0.136677295, 0.09566, -0.05164, -0.91623, 0.00000],
                  [45, 4183.013184, 480, 10, 250, 0.108381, 0.999999642, -0.000285185, -0.000562740, 0.000533755, 0.999999881, -0.000209261, 0.000340192, 0.000084604, 0.999418974, -0.001593640, -0.003851280, 0.003485462, 0.999999583, -0.000197463, -0.000643589, 0.000488049, -0.000000000, 0.030062562, 0.011334093, -0.138757095, -0.00803, -0.00264, 0.00065, 0.99887, 0.000000000, -0.018371748, 0.016039373, 0.159379363, 0.000000000, 0.010317858, -0.016833177, -0.343776464, 0.000000000, 0.030062234, 0.011334033, -0.138756067, 0.09678, -0.05347, -0.95349, 0.00000],
                  [46, 4111.972168, 435, 83, 274, 0.106392, 0.999999821, -0.000369758, -0.000072362, 0.000445210, 0.999996781, -0.000366943, 0.001194101, 0.002220890, 0.999414027, -0.001790624, -0.004494404, 0.003973491, 0.999998093, -0.000640254, -0.000542557, 0.000410027, -0.000000000, 0.104762688, -0.069143042, -0.133001983, -0.01589, -0.00458, 0.00533, 0.99887, 0.000000000, -0.020187194, 0.016467875, 0.165039748, 0.000000000, 0.020899659, -0.023769390, -0.351010293, 0.000000000, 0.104762301, -0.069142655, -0.133001000, 0.09900, -0.05600, -0.99083, 0.00000],
                  [47, 4048.205322, 438, 65, 234, 0.099255, 0.999999642, 0.000716492, -0.000181523, -0.000336039, 0.999998927, 0.000606638, 0.001024600, 0.001012325, 0.999406934, -0.002430187, -0.005038445, 0.004381364, 0.999997616, 0.000562426, 0.000442628, -0.000317290, -0.000000000, -0.131799847, -0.020091662, -0.128273964, -0.01873, -0.00247, 0.00387, 0.99886, 0.000000000, -0.020804241, 0.016924746, 0.173025444, 0.000000000, 0.007494438, -0.025301935, -0.356860042, 0.000000000, -0.131798923, -0.020091796, -0.128273010, 0.09975, -0.05851, -1.02625, 0.00000],
                  [48, 3991.340088, 396, 34, 157, 0.106392, 0.999999762, 0.000334945, -0.000177542, -0.000592562, 0.999919355, -0.001019106, -0.002108594, -0.012470116, 0.999409497, -0.001868429, -0.004594374, 0.004066010, 0.999995768, 0.000462343, 0.000669844, -0.000561840, 0.000000000, -0.180346698, 0.034664590, -0.098565467, -0.02474, 0.03231, -0.00476, 0.99886, 0.000000000, -0.021107627, 0.018908639, 0.177789524, 0.000000000, -0.011705471, -0.020916222, -0.360604614, 0.000000000, -0.180346489, 0.034664478, -0.098564558, 0.09850, -0.06073, -1.06462, 0.00000],
                  [49, 3874.691162, 341, 19, 200, 0.104325, 0.999999702, 0.000153899, -0.000678917, -0.000338589, 0.999998212, 0.000095030, -0.000168320, 0.001789549, 0.999411464, -0.001406494, -0.003924076, 0.003505357, 0.999999702, 0.000228023, -0.000644313, -0.000304115, 0.000000000, 0.007180395, 0.017104678, -0.149559215, -0.02369, -0.00709, 0.00253, 0.99885, 0.000000000, -0.022394668, 0.018664481, 0.184030265, 0.000000000, -0.010972463, -0.018849038, -0.369360685, 0.000000000, 0.007179616, 0.017104795, -0.149557963, 0.09736, -0.06270, -1.10315, 0.00000],
                  [50, 3788.410645, 361, 34, 123, 0.100308, 0.999999940, -0.000102147, -0.000290241, -0.000036087, 0.999969721, -0.001239872, 0.007349477, 0.002205438, 0.999410033, -0.001175152, -0.004567637, 0.003203221, 0.999999762, 0.000017136, -0.000384099, -0.000026914, 0.000000000, 0.028750259, 0.022287598, -0.124977879, -0.02146, -0.00872, 0.02236, 0.99885, 0.000000000, -0.023662461, 0.018332442, 0.192746714, 0.000000000, -0.008135646, -0.016395072, -0.374894172, 0.000000000, 0.028750163, 0.022287611, -0.124976933, 0.09654, -0.06434, -1.14076, 0.00000],
                  [51, 3724.836426, 349, 50, 176, 0.118521, 0.999998868, -0.000310691, 0.001197681, 0.000837757, 0.999999583, -0.000301131, 0.000552168, -0.000267292, 0.999408126, -0.001156673, -0.004951485, 0.003176851, 0.999995589, 0.000002614, 0.001819562, 0.000753514, 0.000000000, -0.158926591, 0.061352726, -0.153721839, -0.02266, -0.00195, 0.00280, 0.99885, 0.000000000, -0.023896847, 0.017781848, 0.193801969, 0.000000000, -0.026698008, -0.008980886, -0.386207938, 0.000000000, -0.158925772, 0.061352592, -0.153720483, 0.09338, -0.06541, -1.18653, 0.00000],
                  [52, 3596.069580, 326, 46, 174, 0.094224, 0.999999702, 0.000674015, -0.000234066, -0.000172492, 0.999991357, 0.001235866, 0.001914192, -0.003448522, 0.999410331, -0.001163567, -0.003132099, 0.003927814, 0.999990880, 0.000018233, 0.000904816, -0.000185974, -0.000000000, -0.243893370, -0.129315913, -0.091504447, -0.01940, 0.00896, 0.00298, 0.99885, 0.000000000, -0.022792604, 0.019378008, 0.203624249, 0.000000000, -0.048990890, -0.020724418, -0.388012022, 0.000000000, -0.243892923, -0.129315063, -0.091503710, 0.08876, -0.06736, -1.22309, 0.00000],
                  [53, 3503.025879, 318, 58, 158, 0.105378, 0.999999344, 0.000867864, 0.000722077, -0.000055478, 0.999994814, 0.000059348, -0.002704437, 0.001666412, 0.999404788, -0.001148306, -0.002227933, 0.003740918, 0.999990344, 0.000806308, 0.001934715, -0.000069765, -0.000000000, -0.278485030, 0.004656290, -0.093024395, -0.01693, -0.00463, -0.00659, 0.99883, 0.000000000, -0.021297030, 0.019324265, 0.208545223, 0.000000000, -0.077155396, -0.019930666, -0.391142488, 0.000000000, -0.278484672, 0.004655784, -0.093023285, 0.08063, -0.06946, -1.26431, 0.00000],
                  [54, 3463.322266, 319, 51, 166, 0.103311, 0.999999523, 0.000735351, 0.000652918, 0.000129844, 0.999973357, 0.000345973, 0.000513909, -0.007264043, 0.999400616, -0.000349548, -0.000291412, 0.003670734, 0.999987841, 0.000748407, 0.002049709, 0.000090311, 0.000000000, -0.317808390, 0.017973548, -0.133200526, -0.00223, 0.01810, 0.00098, 0.99882, 0.000000000, -0.018205665, 0.020539945, 0.214932144, 0.000000000, -0.108177789, -0.017622653, -0.398161292, 0.000000000, -0.317807943, 0.017973570, -0.133199245, 0.06945, -0.07128, -1.30544, 0.00000],
                  [55, 3436.567871, 308, 68, 182, 0.102336, 0.999999821, 0.000126451, 0.000170091, 0.000608008, 0.999998450, 0.000419285, 0.001572624, 0.000826492, 0.999388933, 0.000390864, 0.001759851, 0.003760447, 0.999999762, 0.000169110, 0.000253112, 0.000551897, 0.000000000, -0.020132508, 0.009694850, -0.159751296, -0.01823, -0.00266, 0.00146, 0.99880, 0.000000000, -0.017556023, 0.020576421, 0.221909180, 0.000000000, -0.108583756, -0.016380232, -0.407716483, 0.000000000, -0.020133454, 0.009694926, -0.159750059, 0.05834, -0.07296, -1.34717, 0.00000],
                  [56, 3354.248779, 337, 80, 211, 0.099255, 0.999999881, -0.000451460, 0.000166082, 0.000092211, 0.999999821, -0.000561623, -0.000324280, -0.000217264, 0.999386132, 0.000559890, 0.002013227, 0.004311807, 0.999999285, -0.000479408, -0.000178508, 0.000087677, 0.000000000, 0.072414696, -0.017285200, -0.115423232, -0.00592, 0.00094, 0.00006, 0.99880, 0.000000000, -0.016493056, 0.021031568, 0.229776382, 0.000000000, -0.099811703, -0.017796993, -0.412425190, 0.000000000, 0.072414570, -0.017285038, -0.115422308, 0.04843, -0.07473, -1.38810, 0.00000],
                  [57, 3311.752197, 311, 79, 186, 0.104364, 0.999999821, -0.000451599, -0.000370983, -0.000168833, 0.999998987, 0.000828326, -0.001274524, 0.000028739, 0.999385715, 0.000081722, 0.001832712, 0.004400293, 0.999999821, -0.000435888, -0.000249278, -0.000154683, -0.000000000, -0.018668381, -0.007393504, -0.126432732, -0.00737, -0.00083, -0.00194, 0.99879, 0.000000000, -0.015589148, 0.021248123, 0.235502169, 0.000000000, -0.100206301, -0.018281031, -0.418893009, 0.000000000, -0.018667735, -0.007393493, -0.126431510, 0.03798, -0.07663, -1.43182, 0.00000],
                  [58, 3252.243164, 304, 68, 182, 0.101322, 1.000000000, -0.000180141, 0.000155821, -0.000002702, 0.999995530, -0.000173713, -0.000399057, 0.002935311, 0.999386728, -0.000353085, 0.001581680, 0.004246482, 0.999999464, -0.000185635, -0.000171977, 0.000004786, 0.000000000, 0.069215171, -0.007171557, -0.127662912, -0.01207, -0.00943, 0.00034, 0.99879, 0.000000000, -0.015256668, 0.021020032, 0.242613956, 0.000000000, -0.091834024, -0.018784801, -0.425091118, 0.000000000, 0.069215044, -0.007171519, -0.127661750, 0.02867, -0.07854, -1.47489, 0.00000],
                  [59, 3215.658936, 303, 73, 187, 0.106353, 0.999999940, -0.000042607, 0.000404843, 0.000089724, 0.999996305, 0.001133671, 0.002411869, 0.000187389, 0.999386430, -0.000537867, 0.001409022, 0.004251617, 0.999998808, -0.000032437, -0.000089303, 0.000088660, -0.000000000, 0.100876056, -0.001583930, -0.131254092, -0.00855, -0.00169, 0.00500, 0.99879, 0.000000000, -0.015534925, 0.021115452, 0.247915879, 0.000000000, -0.079925768, -0.018675152, -0.432270020, 0.000000000, 0.100876153, -0.001583901, -0.131252825, 0.02017, -0.08052, -1.52086, 0.00000],
                  [60, 3142.216064, 286, 7, 119, 0.092196, 0.999999106, -0.000728316, 0.000220857, 0.001074536, 0.999992549, 0.001067306, 0.003653597, -0.000881296, 0.999384999, -0.000569779, 0.001319681, 0.004340311, 0.999998987, -0.000780185, 0.000346620, 0.000972545, 0.000000000, -0.030662017, -0.027202971, -0.099053822, 0.00058, 0.00446, 0.01038, 0.99879, 0.000000000, -0.013424513, 0.021987131, 0.259319097, 0.000000000, -0.081496716, -0.020829085, -0.434648246, 0.000000000, -0.030661272, -0.027202807, -0.099052854, 0.01266, -0.08244, -1.56094, 0.00000],
                  [61, 3113.041992, 245, 71, 148, 0.104325, 0.999998927, -0.000151542, 0.001309084, -0.000624155, 0.999994516, -0.000113887, 0.003262140, -0.000475939, 0.999378860, -0.001349705, 0.001663255, 0.005313085, 0.999997437, -0.000124569, 0.001728256, -0.000576217, 0.000000000, -0.116209552, 0.002036422, -0.147431120, -0.00741, 0.00267, 0.00611, 0.99879, 0.000000000, -0.012169999, 0.022361817, 0.265524060, 0.000000000, -0.092280664, -0.020289559, -0.443278611, 0.000000000, -0.116208948, 0.002036363, -0.147429675, 0.00303, -0.08456, -1.60718, 0.00000],
                  [62, 3034.978271, 227, 68, 163, 0.100308, 1.000000000, 0.000027129, 0.000232482, 0.000000447, 0.999995112, -0.000625747, -0.002460513, -0.001758781, 0.999376297, -0.001484333, 0.003388994, 0.004735088, 0.999987066, 0.000079736, 0.001740089, -0.000027482, 0.000000000, -0.333207279, 0.013625906, -0.121219628, -0.01225, 0.00251, -0.00728, 0.99879, 0.000000000, -0.009312753, 0.022721879, 0.272551984, 0.000000000, -0.123948544, -0.018626582, -0.448805422, 0.000000000, -0.333206058, 0.013625913, -0.121218525, -0.00940, -0.08643, -1.65220, 0.00000],
                  [63, 3055.004150, 243, 67, 146, 0.091182, 1.000000000, 0.000150691, -0.000169881, -0.000005128, 0.999995708, -0.001193757, 0.001756471, -0.001980386, 0.999357700, -0.001412960, 0.005128290, 0.004704709, 0.999999404, 0.000166640, 0.000166777, -0.000012001, 0.000000000, -0.068995588, 0.005302914, -0.149648145, -0.00755, 0.00397, 0.00350, 0.99877, 0.000000000, -0.006361619, 0.023359787, 0.284377277, 0.000000000, -0.128409982, -0.017851822, -0.455734521, 0.000000000, -0.068996355, 0.005302999, -0.149646893, -0.02111, -0.08806, -1.69376, 0.00000],
                  [64, 2988.799561, 242, 74, 153, 0.101322, 0.999999821, 0.000260039, 0.000554050, 0.000154312, 0.999982417, 0.000699477, -0.005647202, 0.001506419, 0.999356568, -0.001247272, 0.005295723, 0.004691623, 0.999999762, 0.000190920, 0.000598039, 0.000140027, 0.000000000, -0.021109235, -0.011483204, -0.117823206, -0.00655, -0.00512, -0.01258, 0.99877, 0.000000000, -0.004872227, 0.023380635, 0.290553302, 0.000000000, -0.128733575, -0.018780651, -0.461092353, 0.000000000, -0.021109084, -0.011483090, -0.117822088, -0.03415, -0.08996, -1.74047, 0.00000],
                  [65, 2993.752686, 232, 83, 158, 0.097227, 0.999999940, 0.000143429, 0.000364267, 0.000076706, 0.999991298, 0.000897989, 0.003944084, -0.001283608, 0.999352753, -0.001058539, 0.005894447, 0.004829802, 0.999999344, 0.000100844, 0.000667733, 0.000063215, -0.000000000, -0.071988754, -0.007732519, -0.129590377, 0.00100, 0.00254, 0.00838, 0.99877, 0.000000000, -0.002125899, 0.023900433, 0.299842626, 0.000000000, -0.133817106, -0.019239960, -0.466972172, 0.000000000, -0.071988188, -0.007732480, -0.129589096, -0.04717, -0.09183, -1.78588, 0.00000],
                  [66, 2932.332275, 240, 76, 157, 0.101322, 1.000000000, -0.000060882, -0.000052733, -0.000085704, 0.999997318, -0.000069771, 0.001938618, -0.001263705, 0.999347985, -0.000960612, 0.006562298, 0.004891671, 0.999997377, -0.000077837, -0.000734842, -0.000067738, 0.000000000, 0.151074350, -0.007969031, -0.109704509, -0.00615, 0.00302, 0.00328, 0.99876, 0.000000000, -0.001709030, 0.024374891, 0.306820899, 0.000000000, -0.116909161, -0.019748488, -0.471435249, 0.000000000, 0.151073739, -0.007968972, -0.109703295, -0.05901, -0.09383, -1.83364, 0.00000],
                  [67, 2889.451172, 242, 77, 169, 0.102297, 0.999999940, -0.000096864, 0.000257155, 0.000155797, 0.999996901, 0.000202980, 0.002158743, 0.001133073, 0.999350488, -0.001035245, 0.005827471, 0.004825181, 0.999999881, -0.000068592, 0.000152831, 0.000143818, 0.000000000, 0.018961592, 0.002286850, -0.122485146, -0.00741, -0.00272, 0.00472, 0.99876, 0.000000000, -0.000864764, 0.024439421, 0.313483626, 0.000000000, -0.113447592, -0.019266255, -0.477313340, 0.000000000, 0.018962437, 0.002286858, -0.122483768, -0.07062, -0.09580, -1.88247, 0.00000],
                  [68, 2935.304199, 235, 76, 159, 0.097266, 0.999999940, -0.000172627, -0.000297790, 0.000133965, 0.999987066, -0.000079233, -0.004563307, -0.002298610, 0.999348700, -0.001103692, 0.005980020, 0.004969146, 0.999997079, -0.000236013, 0.000440439, 0.000108248, 0.000000000, -0.155436799, -0.017567182, -0.131075412, 0.00257, 0.00360, -0.00948, 0.99876, 0.000000000, 0.002162508, 0.025077870, 0.321742117, 0.000000000, -0.126814172, -0.020667609, -0.483513921, 0.000000000, -0.155435741, -0.017567039, -0.131074131, -0.08295, -0.09781, -1.92950, 0.00000],
                  [69, 2840.201660, 247, 85, 173, 0.101322, 0.999999940, -0.000077063, -0.000230723, -0.000029071, 0.999997199, 0.000624955, 0.002120535, 0.000660590, 0.999342382, -0.001341089, 0.006419101, 0.005078235, 0.999998450, -0.000092675, 0.000309176, -0.000034402, 0.000000000, -0.112247780, -0.005791077, -0.132235438, -0.00997, -0.00090, 0.00463, 0.99875, 0.000000000, 0.003893963, 0.025321143, 0.328878194, 0.000000000, -0.136413872, -0.020977400, -0.490265578, 0.000000000, -0.112247594, -0.005791069, -0.132234082, -0.09677, -0.09994, -1.97918, 0.00000],
